-3 -1 0.00117169 5.77476 0.0605436 0.999106 -0.0414474 0.00582426 -0.00598862 -0.0725666 -0.02526 0.477669 1 0 1 0 0 0 0 1 0 0 0 0 1 0 0 
0 0 -0.0115024 1.21035 0.317018 0.999722 -0.00182445 0.0234889 7.20376e-05 -0.0025079 -0.000259425 0.021073 1 0 0.998188 0.0112097 0.0591209 -0.0683107 -0.0162639 0.996187 0.0857128 0.0168481 -0.0579347 -0.0865191 0.994564 0.500024 0 
1 0 -1.70312 -0.316692 -0.0605436 1 0 0 0 0 0 0 1 0 0.99986 0.0114837 0.0121345 -0.0670503 -0.0124493 0.996493 0.0827509 0.0152595 -0.0111417 -0.0828904 0.996496 0.478898 0 
2 0 1.75396 -0.396471 -0.0605436 1 0 0 0 0 0 0 1 0 0.99986 0.0114837 0.0121345 -0.0670503 -0.0124493 0.996493 0.0827509 0.0152595 -0.0111417 -0.0828904 0.996496 0.478898 0 
3 0 -0.0277646 -2.65687 -0.0605436 0.999507 -0.0299731 0.00591271 0.00729988 0.0814794 -0.0146313 0.346403 1 0 0.999699 -0.00420907 0.0241813 0.0228427 0.000726758 0.989831 0.142247 0.0501112 -0.0245342 -0.142187 0.989536 0.821757 0 
4 2 -1.40517 -2.94415 -0.351608 0.995985 -0.0815044 0.0331889 0.0164389 0.14682 -0.0251268 0.760584 1 0 0.996597 -0.0287825 0.0772462 0.138745 0.00913222 0.969845 0.243552 0.177473 -0.0819268 -0.242017 0.966807 1.20829 0 
5 3 1.43026 -2.67902 -0.257102 0.993961 -0.10741 -0.0205504 -0.00908251 -0.0751356 -0.0855462 1.08211 1 0 0.999214 0.0310972 -0.0245956 -0.171402 -0.0224876 0.955417 0.294401 0.253791 0.0326541 -0.293616 0.955365 1.53537 0 
6 4 0.0582865 -2.01848 0.230713 0.999969 -0.000225233 0.00779988 -0.00089153 -0.00556689 -5.25945e-05 0.000946255 1 0 0.999206 -0.00244134 0.0397715 0.017318 -0.00326058 0.989764 0.142673 0.0502123 -0.0397128 -0.14269 0.98897 0.822921 0 
7 5 -0.405948 -2.02946 0.470198 0.641123 -0.464368 0.533722 -0.29743 0.258555 -0.852811 -1.934 1 0 0.246208 -0.195717 0.949251 -1.46654 -0.947704 0.156593 0.278093 -0.738938 -0.203074 -0.968077 -0.146927 2.26553 0 
8 6 0.365001 -2.31009 0.326636 0.629348 -0.491223 -0.523281 0.29799 -0.00413013 -1.10008 -1.93858 1 0 0.293194 0.172352 -0.940389 1.46081 0.951073 0.047687 0.305265 -0.394377 0.0974574 -0.98388 -0.149938 2.90798 0 
9 7 -1.41452 -0.933331 -0.230713 1 0 0 0 0 0 0 1 0 0.999206 -0.00244134 0.0397715 0.017318 -0.00326058 0.989764 0.142673 0.0502123 -0.0397128 -0.14269 0.98897 0.822921 0 
10 7 1.21817 -1.0663 -0.230713 1 0 0 0 0 0 0 1 0 0.999206 -0.00244134 0.0397715 0.017318 -0.00326058 0.989764 0.142673 0.0502123 -0.0397128 -0.14269 0.98897 0.822921 0 
11 10 -0.0808438 -3.94048 -0.366219 0.770513 -0.637424 -8.23477e-25 -2.18181e-08 -5.58395e-09 -0.134959 0.163137 1 0 0.999206 -0.0395245 0.00505438 0.0234767 -0.00326061 0.0453171 0.998967 0.207065 -0.0397127 -0.99819 0.0451523 0.965002 0 
12 11 0.209221 -3.68318 -0.140423 0.78043 -0.625243 8.69912e-25 -2.14011e-08 -1.10602e-09 -0.0258872 0.0323126 1 0 0.999206 -0.0393462 0.00629338 0.0185399 -0.00326061 0.0766731 0.997051 0.0804448 -0.0397127 -0.99628 0.0764839 0.851184 0 
13 12 -0.500007 -3.92706 -0.109551 0.744894 0.667183 -4.41858e-25 2.28367e-08 -1.39572e-07 2.99621 4.07764 1 0 0.999206 0.000686626 0.0398405 0.187989 -0.00326058 0.997907 0.0645775 3.46033 -0.0397128 -0.0646562 0.997117 4.83716 0 
14 13 0.54848 -4.03508 -0.364186 0.760406 0.649448 -1.05607e-25 2.22297e-08 -1.27453e-07 2.94038 3.72359 1 0 0.999206 6.07546e-05 0.0398463 0.16709 -0.00326058 0.99677 0.080244 3.31012 -0.0397128 -0.0803102 0.995978 4.32365 0 
15 14 -0.126955 -0.491683 1.20583 1 0 0 0 0 0 0 1 0 0.999206 0.000686626 0.0398405 0.187989 -0.00326058 0.997907 0.0645775 3.46033 -0.0397128 -0.0646562 0.997117 4.83716 0 
16 15 0.0556678 -0.605983 1.14255 1 0 0 0 0 0 0 1 0 0.999206 6.07546e-05 0.0398463 0.16709 -0.00326058 0.99677 0.080244 3.31012 -0.0397128 -0.0803102 0.995978 4.32365 0 
