-1 -1 -0.000959013 0.110658 0.102644 1 0 0 0 0 0 0 1 0 1 0 0 0 0 1 0 0 0 0 1 0 0 
-1 -1 -1.4525e-08 0.166302 -1.7134 0.999722 0 -0.0235594 0 -0.0967831 -2.42366e-08 0.133694 1 0 1 0 0 0 0 1 0 0 0 0 1 0 0 
-1 -1 6.1511e-09 0.432306 0.510464 1 0 0 0 0 0 0 1 0 1 0 0 0 0 1 0 0 0 0 1 0 0 
0 0 -0.112745 -0.130784 0.144542 0.993721 0.111886 -8.081e-05 -0.000147087 -2.12425e-05 0.0200539 -0.0271764 1 0 1 0.000274244 -0.000193519 -1.04837e-05 -0.00031041 0.974963 -0.222367 0.025595 0.000127691 0.222367 0.974963 -0.0220367 0 
1 0 0.114663 -0.117405 0.124129 0.999507 0.0314103 0.000101018 0.000134007 1.04819e-05 0.00622683 -0.00715085 1 0 1 -0.000261536 0.000210355 7.34913e-06 0.000274228 0.998027 -0.0627895 0.00666355 -0.000193518 0.0627896 0.998027 -0.00674576 0 
5 1 -0.101014 -0.0453708 -0.240813 0.994197 -0.105711 0.00613901 0.0189798 0.0338508 0.355913 0.0734173 1 0 0.998859 -0.0291035 -0.0378645 -0.0822994 0.0364414 0.97693 0.210428 0.364385 0.0308667 -0.211568 0.976876 0.126451 0 
6 1 0.101014 -0.0453708 -0.240813 0.999951 -0.00989102 -9.81104e-05 -0.000136151 -0.000385763 0.0338607 0.00362491 1 0 0.998881 0.00120573 -0.0472898 -0.103489 -0.000270348 0.999804 0.0197811 0.0339259 0.0473044 -0.0197462 0.998685 0.13192 0 
16 2 -6.1511e-09 0.15005 0.103198 0.98908 0 0 -0.147383 -0.126037 -0.0187804 0 1 0 0.956557 0.291547 0 -0.126037 -0.291547 0.956557 0 0.0187811 0 0 1 0 0 
2 3 -0.058341 -0.080596 0.0528542 0.999924 0.0123123 -7.21154e-05 -0.000103167 3.92129e-05 0.00606923 0.000437294 1 0 1 0.000473938 -0.000346973 3.14539e-05 -0.000544799 0.969192 -0.246306 0.0313695 0.00021955 0.246306 0.969192 -0.0201179 0 
10 4 0.058341 -0.0939746 0.0732672 0.999159 -0.0410032 8.20976e-05 9.54169e-05 -4.02228e-05 -0.0185809 -0.00129759 1 0 1 -0.000475298 0.00034445 -2.44892e-05 0.000468598 0.999816 0.0191974 -0.0119389 -0.000353511 -0.0191972 0.999816 -0.0076864 0 
7 5 -0.072334 -0.274194 -0.068859 0.998087 -0.0618279 0.000113061 0.00012402 0.000499271 0.240289 0.0298447 1 0 0.998861 -0.024469 -0.0409568 -0.0889027 0.0366189 0.94348 0.329399 0.600942 0.0305819 -0.330524 0.943302 0.075198 0 
13 6 0.072334 -0.274194 -0.068859 0.999645 0.02666 -7.06275e-05 -0.000104192 -0.000290738 -0.104313 -0.00368262 1 0 0.998874 -0.00111227 -0.0474335 -0.103489 -0.000479699 0.999437 -0.0335376 -0.0702047 0.0474441 0.0335225 0.998311 0.124733 0 
17 7 0 -0.093391 0.478079 1 0 0 0 0 0 0 1 0 0.956557 0.291547 0 -0.126037 -0.291547 0.956557 0 0.0187811 0 0 1 0 0 
3 8 -0.011549 -0.346272 0.003206 0.99802 0.00234831 -0.0628506 0.000163721 0.0389971 0.00150836 0.0196837 1 0 0.992056 -0.000149665 -0.125798 0.0362424 -0.0314097 0.968032 -0.248852 0.0267064 0.121814 0.250826 0.960337 0.00391377 0 
11 9 0.011549 -0.346272 0.003206 0.99981 -0.0194866 8.00247e-05 9.71607e-05 -6.84083e-05 -0.0116487 -0.00412568 1 0 1 -0.000685762 0.0004819 -8.68974e-05 0.000656584 0.998308 0.0581415 -0.0238078 -0.000520956 -0.0581412 0.998308 -0.0111278 0 
8 10 0.022822 -0.109063 -0.207428 0.998959 -0.0436594 0.0128545 -0.00319004 0.0526031 0.176311 -0.00947536 1 0 0.999735 -0.0155543 -0.0169883 -0.038895 0.0211659 0.911297 0.411205 0.75883 0.00908537 -0.411456 0.911384 -0.0055039 0 
14 11 -0.022822 -0.109063 -0.207428 0.998431 -0.0119002 -0.000821631 0.0547048 -0.0184681 0.0302842 -0.00356259 1 0 0.992756 -0.109069 -0.0503857 -0.124947 0.108708 0.994025 -0.00986674 -0.0420739 0.0511608 0.00431795 0.998681 0.120361 0 
4 13 -0.008847 -0.111398 0.098604 0.997663 -0.0272472 -0.0460179 0.0425377 -0.0104769 -0.000270052 -0.00700299 1 0 0.972992 -0.0745316 -0.218477 0.0275986 0.0311549 0.980182 -0.195632 0.0274853 0.228728 0.183542 0.956031 -0.00522723 0 
12 14 0.008847 -0.111398 0.098604 0.999074 -0.0430361 0 2.56515e-09 -2.35804e-09 -0.0244211 -0.0395614 1 0 1 -0.000724667 0.000421145 -8.58636e-05 0.000656589 0.98961 0.143773 -0.053663 -0.000520957 -0.143773 0.989611 -0.0467671 0 
9 15 -0.009825 -0.319237 -0.047564 0.999722 0.000716839 0.0232918 0.0034703 0.102203 -0.0025115 -0.00425484 1 0 0.999309 -0.0224844 0.0296132 0.0631679 0.00834795 0.911784 0.410586 0.755646 -0.0362327 -0.410055 0.911341 -0.0120547 0 
15 16 0.009825 -0.319237 -0.047564 0.998739 -0.0502037 0 2.99237e-09 -8.97806e-10 0.224999 -0.0150627 1 0 0.992756 -0.103467 -0.0610692 -0.147307 0.108708 0.990004 0.0898646 0.179322 0.0511608 -0.0958523 0.99408 0.0838206 0 
