-1 -1 -0.000959013 0.110658 0.102644 1 0 0 0 0 0 0 1 0 1 0 0 0 0 1 0 0 0 0 1 0 0 
-1 -1 -1.4525e-08 0.166302 -1.7134 1 0 0 0 0.246334 -2.41194e-08 0.204681 1 0 1 0 0 0 0 1 0 0 0 0 1 0 0 
-1 -1 6.1511e-09 0.432306 0.510464 1 0 0 0 0 0 0 1 0 1 0 0 0 0 1 0 0 0 0 1 0 0 
0 0 -0.112745 -0.130784 0.144542 0.999507 -0.0314103 -0.000101018 -0.000134007 -7.34916e-06 -0.00666355 0.00674578 1 0 0.99537 0.0460853 0.0376458 -0.00896828 -0.0627243 1.00385 0.0193363 -0.00247087 -0.064626 -0.0170953 0.988798 0.00297958 0 
1 0 0.114663 -0.117405 0.124129 0.999507 0.0314103 0.000101018 0.000134007 1.04819e-05 0.00622684 -0.00715087 1 0 0.999955 0.0491623 0.0469983 -0.0102643 -0.0770352 0.996628 0.00730079 -0.000450067 -0.0733075 -0.0328634 0.975094 0.00612277 0 
5 1 -0.101014 -0.0453708 -0.240813 0.999969 0.00785379 2.52585e-05 3.35068e-05 9.68614e-05 -0.0269331 -0.00240075 1 0 1.01341 0.0582472 -0.0165617 0.20827 -0.063391 0.991636 0.0124647 0.0227481 0.0898966 0.0345668 0.958593 0.127985 0 
6 1 0.101014 -0.0453708 -0.240813 0.999507 -0.0314103 -0.000101018 -0.000134007 -0.000403916 0.107256 0.013823 1 0 0.980348 0.0693741 -0.0214555 0.198034 -0.0883853 0.995351 0.0263264 0.0458809 0.0665031 -0.00248833 1.01447 0.229893 0 
16 2 -6.1511e-09 0.15005 0.103198 0.993068 0 0 0.117537 0.10092 -0.0119447 0 1 0 0.984468 -0.149708 -0.121747 0.126867 0.121106 0.985122 -0.018541 0.0158964 0.103534 0.0036208 0.994735 0.00112222 0 
2 3 -0.058341 -0.080596 0.0528542 0.999722 -0.0235594 -7.57692e-05 -0.000100512 4.25949e-05 -0.0116448 -0.00120577 1 0 0.990004 0.0243097 0.0249644 -0.00688206 -0.0753628 0.995084 0.0287536 -0.00641215 -0.0780888 -0.0448012 1.00636 -0.00344998 0 
10 4 0.058341 -0.0939746 0.0732672 0.999722 0.0235594 7.57692e-05 0.000100512 -3.46649e-05 0.0106674 8.38434e-05 1 0 1.00763 0.0548883 0.0652771 -0.0152439 -0.081776 1.00901 -0.0249206 0.00747948 -0.112331 0.0250418 0.974521 0.0110807 0 
7 5 -0.072334 -0.274194 -0.068859 0.999507 0.0314103 0.000101018 0.000134007 0.000411345 -0.122917 -0.00375835 1 0 0.986599 0.0231661 -0.0791983 0.0873989 -0.0372384 0.995453 -0.0331409 -0.0641948 0.083664 0.0532635 1.0091 0.223806 0 
13 6 0.072334 -0.274194 -0.068859 0.999722 -0.0235594 -7.57692e-05 -0.000100512 -0.000329186 0.0919415 0.00785116 1 0 0.998393 0.0229611 -0.0915046 0.0649344 -0.0348065 0.999268 0.0525027 0.091149 0.100743 -0.0786695 0.975699 0.159873 0 
17 7 0 -0.093391 0.478079 0.92388 0 0 -0.382683 -0.411788 -0.170568 0 1 0 0.982201 -0.13836 -0.129097 0.124769 0.143067 0.988254 0.0264919 -0.0135629 0.123821 -0.041663 0.991861 0.0292572 0 
3 8 -0.011549 -0.346272 0.003206 0.997462 -0.0334487 -0.0628043 0.00241785 0.0379937 -0.0197785 0.0118546 1 0 0.992112 0.00182235 0.0835384 -0.0263586 -0.0285107 0.985772 0.143286 -0.0336538 -0.0807742 -0.169222 0.983997 -0.00973409 0 
11 9 0.011549 -0.346272 0.003206 0.999722 0.0235594 7.57692e-05 0.000100512 -6.46413e-05 0.0142115 0.00443837 1 0 0.997264 0.000253521 0.105597 -0.0310603 -0.00660106 0.987792 -0.118921 0.0206124 -0.110267 0.152757 0.986306 0.020053 0 
8 10 0.022822 -0.109063 -0.207428 0.999633 0.0134198 0.0106356 0.0209908 0.0355941 -0.0477663 0.0014463 1 0 0.994971 0.0565177 -0.0301276 0.193235 -0.0590459 0.980604 -0.10926 -0.224245 0.0431385 0.106025 1.00069 0.20785 0 
14 11 -0.022822 -0.109063 -0.207428 0.998489 -0.0549494 -0.000176722 -0.000234432 -0.00069734 0.223007 -0.00465747 1 0 1.00208 0.0611878 -0.0324696 0.189586 -0.0449335 0.996014 0.212424 0.415938 0.0593908 -0.200441 0.960165 0.116953 0 
4 13 -0.008847 -0.111398 0.098604 0.997663 -0.0272472 -0.0460179 0.0425377 -0.0104769 -0.00027005 -0.007003 1 0 0.993637 0.110898 -0.00711653 0.0501682 -0.105265 0.971595 0.205541 -0.0729609 0.0272995 -0.202948 0.979894 -0.00372339 0 
12 14 0.008847 -0.111398 0.098604 1 0 0 0 0 0 0 1 0 0.996168 0.0573671 0.0664194 0.00655094 -0.0449248 0.988284 -0.151665 0.0377978 -0.0752986 0.148417 0.985349 0.0119834 0 
9 15 -0.009825 -0.319237 -0.047564 0.999722 0.000716839 0.0232918 0.0034703 0.102203 -0.0025115 -0.00425484 1 0 0.997921 -0.0295535 -0.0612316 0.101723 0.0204918 0.994348 -0.105354 -0.199956 0.0643527 0.103306 0.992485 0.192022 0 
15 16 0.009825 -0.319237 -0.047564 1 0 0 0 0 0 0 1 0 0.998359 0.00869657 -0.0525405 0.131608 0.00136441 0.976153 0.217018 0.414004 0.0539238 -0.21645 0.975549 0.14789 0 
