-1 -1 -0.000959013 0.110658 0.102644 1 0 0 0 0 0 0 1 0 1 0 0 0 0 1 0 0 0 0 1 0 0 
-1 -1 -1.4525e-08 0.166302 -1.7134 0.975917 -2.06795e-25 0.218143 1.30024e-08 0.333011 -2.2891e-08 0.183972 1 0 1 0 0 0 0 1 0 0 0 0 1 0 0 
-1 -1 6.1511e-09 0.432306 0.510464 1 0 0 0 0 0 0 1 0 1 0 0 0 0 1 0 0 0 0 1 0 0 
0 0 -0.112745 -0.130784 0.144542 0.999507 -0.0314103 -0.000101018 -0.000134007 -7.34916e-06 -0.00666354 0.00674577 1 0 0.992164 0.0352237 0.0253173 -0.00650398 -0.0559472 1.00236 0.0232775 -0.00270443 -0.0364531 -0.0148489 1.01281 0.000293746 0 
1 0 0.114663 -0.117405 0.124129 0.999507 0.0314103 0.000101018 0.000134007 1.04819e-05 0.00622683 -0.00715086 1 0 1.00368 0.0477491 0.0422203 -0.00961394 -0.0624652 0.997976 -0.00488225 0.000665121 -0.0363696 -0.0203508 0.952808 0.00706111 0 
5 1 -0.101014 -0.0453708 -0.240813 0.999969 0.00785379 2.52585e-05 3.35068e-05 9.68614e-05 -0.0269331 -0.00240075 1 0 0.914876 0.0688862 0.409819 0.340846 -0.0448955 0.997579 0.00358674 0.00654814 -0.425166 -0.0136269 0.909667 0.0352333 0 
6 1 0.101014 -0.0453708 -0.240813 0.999507 -0.0314103 -0.000101018 -0.000134007 -0.000403916 0.107256 0.013823 1 0 0.897281 0.0550977 0.40619 0.336922 -0.0680881 0.997078 0.0345152 0.0596241 -0.431559 -0.0375846 0.896975 0.0174717 0 
16 2 -6.1511e-09 0.15005 0.103198 0.993068 0 0 0.117537 0.10092 -0.0119447 0 1 0 0.984236 -0.150299 -0.120888 0.126684 0.113051 0.983871 -0.0167221 0.0155088 0.0965028 0.00142506 0.997928 0.00044167 0 
2 3 -0.058341 -0.080596 0.0528542 0.999722 -0.0235594 -7.57692e-05 -0.000100512 4.25949e-05 -0.0116448 -0.00120577 1 0 0.990448 0.01393 0.00962725 -0.00324931 -0.0677084 0.993563 0.0348831 -0.00708757 -0.0634253 -0.0466652 1.0197 -0.00511849 0 
10 4 0.058341 -0.0939746 0.0732672 0.999722 0.0235594 7.57692e-05 0.000100512 -3.46649e-05 0.0106674 8.3843e-05 1 0 1.0133 0.0389825 0.0403675 -0.0103461 -0.0708534 1.00773 -0.0352602 0.00857363 -0.0894856 0.0380641 0.973032 0.00890851 0 
7 5 -0.072334 -0.274194 -0.068859 0.999507 0.0314103 0.000101018 0.000134007 0.000411345 -0.122917 -0.00375835 1 0 0.926281 0.0401383 0.374084 0.275641 -0.0316853 0.994626 -0.035679 -0.0684938 -0.355736 0.0453923 0.930605 0.0760266 0 
13 6 0.072334 -0.274194 -0.068859 0.999722 -0.0235594 -7.57692e-05 -0.000100512 -0.000329186 0.0919416 0.00785117 1 0 0.938601 -0.0212963 0.358735 0.249248 -0.0327699 0.998392 0.0581278 0.102042 -0.355659 -0.0850563 0.9153 0.051355 0 
17 7 0 -0.093391 0.478079 0.92388 0 0 -0.382683 -0.411788 -0.170568 0 1 0 0.982748 -0.135751 -0.128588 0.122937 0.141303 0.988557 0.0265513 -0.0137758 0.123481 -0.041066 0.991978 0.028838 0 
3 8 -0.011549 -0.346272 0.003206 0.997462 -0.0334487 -0.0628043 0.00241785 0.0379937 -0.0197785 0.0118546 1 0 0.993302 0.00168513 0.0730036 -0.0230069 -0.0276243 0.985726 0.141496 -0.0329689 -0.0689757 -0.169602 0.985404 -0.00816461 0 
11 9 0.011549 -0.346272 0.003206 0.999722 0.0235594 7.57692e-05 0.000100512 -6.46414e-05 0.0142115 0.00443837 1 0 0.999411 0.00012679 0.0841762 -0.0250155 -0.00741738 0.987755 -0.119964 0.021062 -0.0878733 0.153519 0.987963 0.01578 0 
8 10 0.022822 -0.109063 -0.207428 0.999633 0.0134198 0.0106356 0.0209908 0.0355941 -0.0477663 0.0014463 1 0 0.916785 0.0878411 0.403048 0.339902 -0.0487283 0.982648 -0.109199 -0.222021 -0.391047 0.0713501 0.917846 0.0480713 0 
14 11 -0.022822 -0.109063 -0.207428 0.998489 -0.0549494 -0.000176722 -0.000234432 -0.00069734 0.223007 -0.00465747 1 0 0.926732 -0.0422718 0.386482 0.304226 -0.0323372 0.995588 0.211262 0.411339 -0.385595 -0.200473 0.880351 -0.0318497 0 
4 13 -0.008847 -0.111398 0.098604 0.997663 -0.0272472 -0.0460179 0.0425377 -0.0104769 -0.000270051 -0.00700299 1 0 0.994151 0.106816 -0.0116817 0.0498224 -0.100089 0.971835 0.206276 -0.0721263 0.0308583 -0.203322 0.979791 -0.00320589 0 
12 14 0.008847 -0.111398 0.098604 1 0 0 0 0 0 0 1 0 0.997775 0.0442276 0.0514309 0.00492766 -0.0342398 0.988537 -0.152339 0.0361534 -0.0583599 0.150552 0.986242 0.00955746 0 
9 15 -0.009825 -0.319237 -0.047564 0.999722 0.000716839 0.0232918 0.0034703 0.102203 -0.0025115 -0.00425484 1 0 0.92771 0.016411 0.373315 0.256489 0.0225848 0.994266 -0.105237 -0.199401 -0.373591 0.106654 0.92152 0.0681548 0 
15 16 0.009825 -0.319237 -0.047564 1 0 0 0 0 0 0 1 0 0.922122 -0.0856884 0.376342 0.270915 0.00106459 0.976092 0.217362 0.414803 -0.386072 -0.199252 0.901036 0.0146794 0 
