-1 -1 -0.0725859 51.682 -0.951141 0.988856 0.00312548 0.14623 -0.0277659 -2.51231 -0.0829054 -0.719424 1 0 1 0 0 0 0 1 0 0 0 0 1 0 0 
0 0 -0.171859 7.81091 -0.266381 0.97237 -0.00513214 0.233253 -0.0079548 -0.483974 0.00281031 0.394647 1 0 0.719497 0.0643562 0.691507 -2.6887 -0.0594661 0.997749 -0.030984 0.0825313 -0.691945 -0.0188284 0.721705 0.658164 0 
1 0 0.0766462 -6.59534 1.77803 0.980785 0.00218891 -0.188353 0.050778 4.75905 -0.24561 -1.1162 1 0 0.995318 -0.0447285 -0.0856772 2.22983 0.0434497 0.998915 -0.0167335 0.0432887 0.0863328 0.0129325 0.996182 -0.665741 0 
2 0 -5.52781 1.94957 -0.501223 0.998489 -0.0516332 0.0182102 -0.00468174 -0.5462 -0.180141 5.32317 1 0 0.944018 0.0328138 0.328257 -1.38773 -0.0646597 0.994145 0.0865735 0.380252 -0.323494 -0.102952 0.940613 5.2408 0 
3 0 5.11859 1.8684 -0.00585103 1 0 0 0 0 0 0 1 0 0.955692 0.0558269 0.289026 -2.61356 -0.0539988 0.998439 -0.0143017 0.063175 -0.289374 -0.00193908 0.957214 0.0385156 0 
4 2 0.226798 -6.1286 -0.901924 0.99889 0.00172351 -0.0465733 -0.00685402 -0.547703 -0.00107399 -0.130428 1 0 0.983557 -0.0316048 -0.177811 1.71435 0.0278623 0.999335 -0.0235062 0.030021 0.178435 0.0181655 0.983784 -0.891803 0 
13 3 -10.1202 -0.833786 1.16535 0.838265 0.309814 -0.024972 0.447999 41.243 -28.2525 -30.0964 1 0 0.692909 -0.547145 0.469584 28.5153 0.720336 0.49684 -0.484011 30.6191 0.0315163 0.673634 0.738393 -34.7142 0 
15 4 10.8339 -0.601421 0.885328 0.820493 -0.485227 0.150221 -0.26226 -31.7824 -30.3094 41.4421 1 0 0.751242 0.0409201 0.658757 -0.429807 -0.619495 0.388085 0.682361 36.268 -0.227732 -0.920715 0.316896 48.3155 0 
5 5 -2.57037 -2.33851 -0.460928 0.997503 -0.0517878 -0.0471163 -0.00928678 -0.539854 -0.202599 4.03838 1 0 0.962567 0.00980785 -0.270866 0.0988621 0.0118636 0.996863 0.0782549 0.137676 0.270784 -0.0785391 0.959431 2.85247 0 
6 5 2.0407 -2.3361 -0.736509 0.980427 0.103601 -0.154171 -0.0652741 -6.26546 -1.16284 -7.1978 1 0 0.882126 0.0241119 -0.470396 -0.454797 -0.140319 0.966796 -0.213581 1.32227 0.449627 0.254411 0.856219 -10.1677 0 
14 6 -8.72177 0.226798 3.22339 0.961886 0.16173 0.0534065 0.21393 24.1793 -1.49228 -17.907 1 0 0.375151 -0.584807 0.71921 25.5801 0.879587 -0.0202909 -0.475305 60.4285 0.292555 0.810919 0.506776 -37.9254 0 
16 7 8.64273 0.226797 2.93282 0.703902 0.046629 -0.689956 -0.162201 -31.5207 -0.432731 -7.22074 1 0 0.614396 0.352485 -0.705884 -14.8515 0.54179 0.461899 0.70222 13.92 0.573569 -0.813882 0.092816 29.9182 0 
7 8 -4.03755 -15.6119 -0.325273 0.999229 0.00982796 0.0380015 0.00079176 0.132751 -0.0157247 -0.89309 1 0 0.980375 0.00366555 -0.197107 0.404985 0.00820946 0.998201 0.0593958 0.0700241 0.19697 -0.0598483 0.978581 2.0056 0 
10 9 3.89643 -15.9128 -0.406111 0.993961 -0.075609 -0.0125977 -0.0785251 -5.70568 -0.391056 5.55653 1 0 0.849883 0.232693 -0.472813 -8.02216 -0.295506 0.953327 -0.061997 2.29104 0.436319 0.192409 0.878979 -7.84832 0 
8 12 -2.61518 -13.3131 -1.07138 0.985934 0.0649692 -0.144371 0.0535823 1.8768 0.398427 -1.20213 1 0 0.876712 -0.140563 -0.46002 2.54739 0.111884 0.989711 -0.0891853 0.781547 0.467823 0.026721 0.883418 1.83227 0 
11 13 3.05364 -12.9778 -0.644039 0.655435 0.748801 -0.0531914 0.0829011 0.245072 -25.8542 -18.8023 1 0 0.748474 -0.651444 -0.124125 11.3376 -0.274133 -0.133499 -0.952381 23.5823 0.603852 0.746859 -0.278503 -21.7733 0 
9 14 -1.03715 -4.40083 2.03735 1 0 0 0 0 0 0 1 0 0.876712 -0.140563 -0.46002 2.54739 0.111884 0.989711 -0.0891853 0.781547 0.467823 0.026721 0.883418 1.83227 0 
12 15 1.46176 -4.57115 1.91905 0.943822 -0.274671 -0.159578 0.0910583 0.916414 -1.0521 0.920519 1 0 0.497681 -0.537421 -0.680803 11.7324 -0.529516 0.433415 -0.729221 21.9698 0.686969 0.723416 -0.0688707 -21.9682 0 
