-1 -1 -0.0725859 51.682 -0.951141 1 0 0 0 2.02011 0.456155 6.83444e-11 1 0 1 0 0 0 0 1 0 0 0 0 1 0 0 
0 0 -0.171859 7.81091 -0.266381 0.907247 -0.035452 0.416912 0.0427848 3.23237 -0.284091 5.44668 1 0 0.648708 -0.107194 0.753451 8.25123 0.0480721 0.993825 0.100003 0.873885 -0.759518 -0.0286525 0.649855 1.09265 0 
1 0 0.0766462 -6.59534 1.77803 0.998027 0.000704507 -0.0606222 0.0163431 1.567 -0.0247382 -0.159312 1 0 0.992116 -0.0327071 -0.120982 3.59484 0.0325362 0.999465 -0.00338774 0.482954 0.121028 -0.000575274 0.992649 0.0315243 0 
2 0 -5.52781 1.94957 -0.501223 0.999877 0 0 0.0157073 1.68658 -0.0904989 2.00705e-10 1 0 0.999507 -0.0314108 0 3.70871 0.0314108 0.999507 0 0.418677 0 0 1 2.69049e-10 0 
3 0 5.11859 1.8684 -0.00585103 0.999722 0 0 -0.0235598 -2.43448 -0.0607927 0 1 0 0.99889 0.0471065 0 -0.414522 -0.0471065 0.99889 0 0.510109 0 0 1 6.83444e-11 0 
4 2 0.226798 -6.1286 -0.901924 0.969078 -0.00222601 0.246706 0.00426227 -0.0729537 -0.00395149 0.190617 1 0 0.928928 -0.0417235 0.367903 3.59736 0.0373532 0.999122 0.0189954 0.479901 -0.368372 -0.00390302 0.92967 0.235625 0 
13 3 -10.1202 -0.833786 1.16535 0.847058 -0.181634 -0.118224 0.485309 49.1573 -23.8243 12.5941 1 0 0.473576 -0.79338 -0.382458 41.0734 0.880426 0.438265 0.181034 35.5367 0.0239889 -0.42246 0.906064 22.6551 0 
15 4 10.8339 -0.601421 0.885328 0.857056 -0.420158 -0.125435 0.270534 29.5916 -27.7993 33.0684 1 0 0.848052 -0.334344 -0.411124 20.38 0.52977 0.516881 0.672442 24.0545 -0.0123244 -0.788066 0.615467 41.8955 0 
5 5 -2.57037 -2.33851 -0.460928 1 0 0 0 0 0 0 1 0 0.928928 -0.0417235 0.367903 3.59736 0.0373532 0.999122 0.0189954 0.479901 -0.368372 -0.00390302 0.92967 0.235625 0 
6 5 2.0407 -2.3361 -0.736509 1 0 0 0 0 0 0 1 0 0.928928 -0.0417235 0.367903 3.59736 0.0373532 0.999122 0.0189954 0.479901 -0.368372 -0.00390302 0.92967 0.235625 0 
14 6 -8.72177 0.226798 3.22339 0.967404 -0.246993 0.0161436 0.0535088 5.15983 -4.8547 25.2821 1 0 0.416862 -0.562731 -0.713835 27.909 0.906364 0.19791 0.373277 48.6898 -0.0687792 -0.802599 0.59254 41.1773 0 
16 7 8.64273 0.226797 2.93282 0.854182 -0.139683 -0.449376 0.221187 18.637 -11.2227 -11.0312 1 0 -0.0359629 -0.322735 -0.945806 33.765 0.998853 0.0183189 -0.0442308 42.9525 0.0316009 -0.946312 0.321706 49.5558 0 
7 8 -4.03755 -15.6119 -0.325273 0.970506 0.0603486 0.233349 0.00486181 1.87428 -0.376276 -5.20517 1 0 0.659733 0.019909 0.751237 0.916074 0.0622594 0.994765 -0.0810388 0.644108 -0.748917 0.100235 0.655039 -4.61536 0 
10 9 3.89643 -15.9128 -0.406111 0.999877 -0.00373461 0.0152519 0.000389245 0.0480313 0.00299162 0.343615 1 0 0.917245 -0.0452945 0.395739 3.77727 0.0374203 0.998918 0.0275988 0.494171 -0.396561 -0.0105062 0.917948 0.531966 0 
8 12 -2.61518 -13.3131 -1.07138 0.808792 0.587622 0.0190603 0.0138481 0.960778 -15.335 -19.6623 1 0 0.648957 0.720621 0.244051 -14.3098 0.107936 0.230327 -0.967109 16.2313 -0.75313 0.653954 0.0716909 -16.7769 0 
11 13 3.05364 -12.9778 -0.644039 0.992578 0.031193 -0.00369194 -0.117479 -5.00488 0.748658 -1.35242 1 0 0.902476 0.194597 0.384278 -1.11354 -0.196807 0.979853 -0.0339937 2.25871 -0.383151 -0.0449499 0.922591 1.16821 0 
9 14 -1.03715 -4.40083 2.03735 1 0 0 0 0 0 0 1 0 0.648957 0.720621 0.244051 -14.3098 0.107936 0.230327 -0.967109 16.2313 -0.75313 0.653954 0.0716909 -16.7769 0 
12 15 1.46176 -4.57115 1.91905 0.934992 0.114322 0.335739 7.84635e-05 -0.315517 0.10636 4.6057 1 0 0.472735 0.340827 0.812625 2.51627 -0.0557352 0.931893 -0.358426 0.724607 -0.87944 0.124149 0.459534 3.57537 0 
