-1 -1 0 0.237269 -0.0250784 1 0 0 0 0 0 0 1 0 1 0 0 0 0 1 0 0 0 0 1 0 0 
0 0 0 -0.125428 0.0162016 1 0 0 0 0 0 0 1 0 0.998756 0.000604613 0.00468073 -2.60706e-05 0.0015797 1.00011 0.000836343 -4.65137e-06 -0.00664573 0.00028865 1.00223 -1.24467e-05 0 
1 0 0 0.060133 0.0134615 1 0 0 0 0 0 0 1 0 1.00006 -4.65884e-05 0.000208113 1.6273e-05 0.0012815 0.999677 0.00144604 0.000113111 -0.000741645 -1.08331e-05 1.00005 3.8147e-06 0 
2 0 -0.0818611 -0.011026 -0.0129936 1 0 0 0 0 0 0 1 0 0.999714 0.00800922 -0.00499221 -0.00202554 -0.00471443 1.00093 0.0289108 0.000504121 0.00542857 -0.0325196 0.993395 0.00755024 0 
3 0 0.0818611 -0.011026 -0.0129936 1 0 0 0 0 0 0 1 0 1.00049 0.000157177 0.00294849 3.6668e-05 -0.000230722 1.00029 -0.0017035 -0.000112496 4.0859e-05 -0.00156188 1.00158 0.0004103 0 
4 1 0 -0.0825236 -0.00848817 1 0 0 0 0 0 0 1 0 1.0001 -0.000293066 0.00284928 5.80687e-05 5.26793e-05 1.00016 -0.00157349 -3.20724e-05 -0.00157511 -7.16746e-06 1.00007 1.43051e-06 0 
13 3 -0.0719339 -0.116718 -0.0200879 1 0 0 0 0 0 0 1 0 0.922055 0.109729 -0.358447 -0.044853 0.00772437 0.957872 0.217117 0.0184295 0.377558 -0.212614 0.883344 0.0745684 0 
15 4 0.0719339 -0.116718 -0.0063944 1 0 0 0 0 0 0 1 0 0.999572 -0.000293821 0.000543065 0.000122279 0.000904441 1.00057 -0.000225177 -0.000211544 -0.000640444 -0.000392251 0.999955 0.000139464 0 
5 5 -0.0408341 -0.0356748 -0.0071713 1 0 0 0 0 0 0 1 0 0.99999 -1.40667e-05 0.000126809 2.61609e-06 -6.95437e-05 1.00004 0.000212207 2.60305e-06 -0.000645056 0.000681773 1.00028 -1.51042e-05 0 
6 5 0.0408341 -0.0356748 -0.0071713 1 0 0 0 0 0 0 1 0 1.00015 0.000259548 -0.000458479 -1.55717e-05 -7.46697e-05 0.999825 0.00044696 1.29002e-05 0.000158846 0.000215925 0.999831 -9.27411e-06 0 
14 6 -0.072631 -0.0904246 0.0044607 0.382683 -0.578129 -0.719763 0.0355064 0.224213 -0.168596 0.23304 1 0 -0.0386395 0.805057 -0.591937 -0.282338 0.859408 0.329011 0.391369 0.228425 0.509828 -0.493593 -0.704585 0.0333314 2 
16 7 0.072631 -0.0904246 0.0166076 1 0 0 0 0 0 0 1 0 1.00004 2.03252e-05 -7.27028e-05 -1.18613e-05 -4.83692e-05 0.999963 7.45058e-06 1.18613e-05 7.42301e-05 5.91278e-05 0.999997 -1.80304e-05 0 
7 8 -0.0118509 -0.217129 0.0453999 1 0 0 0 0 0 0 1 0 1.00003 8.10623e-05 0.000395177 1.13621e-05 6.80238e-06 0.999996 -1.90586e-05 -2.1595e-07 -0.000420406 2.78801e-05 1.00002 -1.64136e-05 0 
10 9 0.0118509 -0.217129 0.0453999 1 0 0 0 0 0 0 1 0 0.999979 3.89367e-05 0.000191897 5.8189e-06 9.37283e-06 0.999997 -1.66297e-05 -8.12346e-07 -0.000205865 -3.15905e-06 1.00004 9.32999e-06 0 
8 12 -0.003159 -0.190486 -0.0213663 1 0 0 0 0 0 0 1 0 0.999996 -1.83862e-05 0.000164462 -7.74488e-06 -4.38988e-05 1 5.87106e-06 -2.41771e-06 -0.000175821 2.13832e-06 1.00001 -8.93697e-06 0 
11 13 0.003159 -0.190486 -0.0213663 1 0 0 0 0 0 0 1 0 1 -2.92435e-06 2.62377e-05 -1.30385e-06 -1.74344e-05 0.999999 1.9446e-06 7.2876e-07 -3.10284e-05 -7.59959e-07 1 1.42679e-06 0 
9 14 -0.0032343 -0.017835 0.0400384 1 0 0 0 0 0 0 1 0 0.999982 0.00029696 0.000130944 0.000122 -0.000327505 1.00002 -1.53482e-05 -8.43406e-06 -7.02143e-05 2.08318e-05 1 4.73857e-06 0 
12 15 0.0032343 -0.017835 0.0400384 1 0 0 0 0 0 0 1 0 1.00002 0.000119284 5.1111e-05 4.81755e-05 -0.000185395 1.00001 1.7941e-05 1.22488e-05 2.6904e-05 1.62721e-05 1.00001 5.24521e-06 0 
