-1 -1 0 0.237269 -0.0250784 1 0 0 0 0 0 0 1 0 1 0 0 0 0 1 0 0 0 0 1 0 0 
0 0 0 -0.125428 0.0162016 1 0 0 0 0 0 0 1 0 1 0 0 0 0 1 0 0 0 0 1 0 0 
1 0 0 0.060133 0.0134615 0.998177 -0.000842273 -0.0536164 -0.0276863 -0.0157783 -0.000396369 0.00124761 1 0 0.992718 0.0553619 -0.106991 -0.0158188 -0.0551813 0.998466 0.00465035 0.000480707 0.107084 0.0012874 0.994249 -0.000449681 0 
2 0 -0.0818611 -0.011026 -0.0129936 1 0 0 0 0 0 0 1 0 1 0 0 0 0 1 0 0 0 0 1 0 0 
3 0 0.0818611 -0.011026 -0.0129936 0.993068 -0.11507 0.015499 0.0182648 0.00863836 -0.000724405 0.0550373 1 0 0.998852 -0.0398434 0.0265797 0.0101202 0.0327095 0.97285 0.229112 0.0121875 -0.0349867 -0.22798 0.973037 0.0534163 0 
4 1 0 -0.0825236 -0.00848817 1 0 0 0 0 0 0 1 0 1 0 0 0 0 1 0 0 0 0 1 0 0 
13 3 -0.0719339 -0.116718 -0.0200879 0.949656 -0.229354 0.111973 0.181694 0.0851822 0.00874997 0.102134 1 0 0.908899 -0.396457 0.129327 0.0871616 0.293731 0.828768 0.476304 0.080919 -0.296016 -0.394924 0.869718 0.0601566 0 
15 4 0.0719339 -0.116718 -0.0063944 0.732333 -0.221961 0.0714959 0.639774 0.151771 -0.277912 0.0837121 1 0 0.124556 -0.977192 -0.171996 0.286199 0.797273 -0.00461688 0.603601 0.185002 -0.590628 -0.21231 0.778513 0.0879506 0 
5 5 -0.0408341 -0.0356748 -0.0071713 1 0 0 0 0 0 0 1 0 1 0 0 0 0 1 0 0 0 0 1 0 0 
6 5 0.0408341 -0.0356748 -0.0071713 1 0 0 0 0 0 0 1 0 1 0 0 0 0 1 0 0 0 0 1 0 0 
14 6 -0.072631 -0.0904246 0.0044607 0.809278 -0.0819831 0.219607 0.538628 0.221422 0.0685516 0.00575244 1 0 -0.0948947 -0.972758 0.211509 0.000682392 0.576277 0.119569 0.808461 0.221366 -0.811727 0.198607 0.549232 -0.102803 0 
16 7 0.072631 -0.0904246 0.0166076 0.42281 -0.808544 -0.366903 0.181302 0.0294972 -0.0464143 0.0376181 1 0 -0.649702 0.56 -0.514089 0.221704 0.537067 -0.140474 -0.831761 0.176075 -0.538002 -0.816497 -0.209491 0.102098 0 
7 8 -0.0118509 -0.217129 0.0453999 0.989535 -0.0310974 -0.00442581 0.140832 -0.000152286 0.013175 0.000380414 1 0 0.960294 -0.278441 -0.017518 -0.00382136 0.278991 0.958399 0.0602973 0.0126073 -8.67362e-18 -0.0627905 0.998027 -0.000447601 0 
10 9 0.0118509 -0.217129 0.0453999 0.997503 0 0 -0.070627 0.000488391 0.005817 0 1 0 0.990024 0.140901 0 0.00130314 -0.140901 0.990024 0 0.00569015 0 0 1 0 0 
8 12 -0.003159 -0.190486 -0.0213663 1 0 0 0 0 0 0 1 0 0.960294 -0.278441 -0.017518 -0.00382136 0.278991 0.958399 0.0602973 0.0126073 -8.67362e-18 -0.0627905 0.998027 -0.000447601 0 
11 13 0.003159 -0.190486 -0.0213663 1 0 0 0 0 0 0 1 0 0.990024 0.140901 0 0.00130314 -0.140901 0.990024 0 0.00569015 0 0 1 0 0 
9 14 -0.0032343 -0.017835 0.0400384 0.985771 0.142349 -0.0110833 -0.0887091 0.0746017 0.0135597 0.118018 1 0 0.99458 -0.102806 0.0155564 0.0708179 0.103684 0.969429 -0.222391 0.00724143 0.00778225 0.222799 0.974833 0.118201 0 
12 15 0.0032343 -0.017835 0.0400384 0.994431 0.0512559 0.0879957 0.0271308 -0.0269324 0.000221376 0.0501632 1 0 0.982108 0.095463 0.162328 -0.0169834 -0.0761601 0.989696 -0.121248 0.00187824 -0.17223 0.106716 0.979259 0.0537849 0 
